/*--------------------------------*- C++ -*----------------------------------*\
| =========                 |                                                 |
| \\      /  F ield         | OpenFOAM: The Open Source CFD Toolbox           |
|  \\    /   O peration     | Version:  2306                                  |
|   \\  /    A nd           | Website:  www.openfoam.com                      |
|    \\/     M anipulation  |                                                 |
\*---------------------------------------------------------------------------*/
// * * * * * * * * * * * * * * * * * * * * * * * * * * * * * * * * * * * * * //
FoamFile
{
    version         2;
    format          ascii;
    class           volTensorField;
    location        "0";
    object          Q_S;
}

dimensions      [ 0 0 0 0 0 0 0 ];

internalField   nonuniform List<tensor> 
14751
(
(0.707123 0.707091 2.97815e-27 -0.707091 0.707123 1.59924e-31 1.05821e-32 -1.05826e-32 1)
(0.707118 0.707095 -4.90466e-23 -0.707095 0.707118 2.14763e-25 1.55082e-25 -1.55087e-25 1)
(0.707169 0.707044 -2.9406e-24 -0.707044 0.707169 8.31446e-23 5.87873e-23 -5.87977e-23 1)
(0.707212 0.707002 -2.56705e-25 -0.707002 0.707212 -1.63134e-22 -1.15336e-22 1.1537e-22 1)
(0.707249 0.706964 2.23617e-23 -0.706964 0.707249 8.01788e-23 5.66775e-23 -5.67004e-23 1)
(0.707295 0.706918 -4.44192e-23 -0.706918 0.707295 -4.66914e-24 -3.28522e-24 3.28698e-24 1)
(0.707329 0.706884 -1.69877e-21 -0.706884 0.707329 2.8755e-24 2.7218e-24 -2.72351e-24 1)
(0.707365 0.706849 -3.66175e-24 -0.706849 0.707365 -4.09083e-23 -2.89143e-23 2.89354e-23 1)
(0.707395 0.706819 2.40413e-21 -0.706819 0.707395 1.28179e-24 -3.34171e-25 3.34444e-25 1)
(0.707421 0.706793 4.12686e-23 -0.706793 0.707421 -9.87596e-26 -9.2849e-26 9.29316e-26 1)
(0.707443 0.70677 3.19047e-21 -0.70677 0.707443 2.17121e-24 -3.64913e-25 3.65261e-25 1)
(0.707462 0.706751 3.15974e-25 -0.706751 0.707462 5.1875e-25 3.6643e-25 -3.66798e-25 1)
(0.707478 0.706736 -3.93385e-21 -0.706736 0.707478 -4.66821e-24 -7.44326e-25 7.45107e-25 1)
(0.707489 0.706725 -2.77193e-22 -0.706725 0.707489 2.976e-24 2.28784e-24 -2.29031e-24 1)
(0.707496 0.706717 6.00109e-22 -0.706717 0.707496 8.43129e-23 5.91795e-23 -5.92448e-23 1)
(0.7075 0.706713 1.67845e-23 -0.706713 0.7075 -4.39596e-24 -3.11811e-24 3.12158e-24 1)
(0.707502 0.706712 -6.72622e-22 -0.706712 0.707502 -4.0453e-23 -2.81313e-23 2.81627e-23 1)
(0.7075 0.706714 3.40684e-22 -0.706714 0.7075 -5.89995e-25 -6.46677e-25 6.47396e-25 1)
(0.707495 0.706718 2.57669e-21 -0.706718 0.707495 3.54233e-24 7.92525e-25 -7.93397e-25 1)
(0.707489 0.706725 3.77532e-22 -0.706725 0.707489 -5.77365e-25 -6.53563e-25 6.54269e-25 1)
(0.70748 0.706734 1.81896e-24 -0.706734 0.70748 5.20349e-24 3.67633e-24 -3.68022e-24 1)
(0.707469 0.706744 -3.32229e-21 -0.706744 0.707469 -6.00391e-24 -2.20556e-24 2.20782e-24 1)
(0.707458 0.706755 3.85935e-21 -0.706755 0.707458 7.32807e-24 2.89478e-24 -2.89766e-24 1)
(0.707445 0.706768 -4.39706e-21 -0.706768 0.707445 -8.06582e-24 -3.2026e-24 3.20567e-24 1)
(0.707431 0.706782 4.43573e-22 -0.706782 0.707431 -4.58544e-24 -3.48167e-24 3.48487e-24 1)
(0.707417 0.706796 8.07955e-25 -0.706796 0.707417 4.36469e-24 3.08453e-24 -3.08724e-24 1)
(0.707402 0.706811 1.68297e-28 -0.706811 0.707402 -1.68476e-25 -1.19081e-25 1.19181e-25 1)
(0.707387 0.706827 3.78006e-21 -0.706827 0.707387 2.24086e-24 -1.62342e-25 1.6247e-25 1)
(0.707371 0.706842 2.37201e-22 -0.706842 0.707371 -5.15041e-24 -3.74351e-24 3.74631e-24 1)
(0.707356 0.706858 -2.41548e-22 -0.706858 0.707356 -8.16352e-25 -4.78864e-25 4.79201e-25 1)
(0.70734 0.706874 2.45401e-22 -0.706874 0.70734 4.02707e-24 2.75368e-24 -2.75549e-24 1)
(0.707324 0.706889 1.81186e-24 -0.706889 0.707324 2.44051e-24 1.72453e-24 -1.72559e-24 1)
(0.707309 0.706904 1.70446e-21 -0.706904 0.707309 7.82333e-25 -7.62821e-28 7.63258e-28 1)
(0.707294 0.706919 1.82681e-21 -0.706919 0.707294 3.42038e-24 1.87249e-24 -1.87348e-24 1)
(0.707279 0.706934 1.22337e-22 -0.706934 0.707279 4.15552e-25 2.60396e-25 -2.60523e-25 1)
(0.707265 0.706949 1.81302e-21 -0.706949 0.707265 -4.69926e-25 -7.80995e-25 7.81344e-25 1)
(0.70725 0.706963 -1.92314e-21 -0.706963 0.70725 9.38088e-27 4.35277e-25 -4.35454e-25 1)
(0.707237 0.706977 7.65803e-25 -0.706977 0.707237 -2.98663e-26 -2.12674e-26 2.12752e-26 1)
(0.707223 0.706991 1.18813e-22 -0.706991 0.707223 2.93518e-26 -1.19996e-28 1.20035e-28 1)
(0.70721 0.707004 -5.83169e-23 -0.707004 0.70721 1.98565e-27 1.03069e-26 -1.03099e-26 1)
(0.707197 0.707017 9.71562e-25 -0.707017 0.707197 3.91337e-24 2.76669e-24 -2.76739e-24 1)
(0.707184 0.707029 9.76564e-23 -0.707029 0.707184 8.35283e-23 5.90463e-23 -5.90592e-23 1)
(0.707172 0.707041 6.88719e-28 -0.707041 0.707172 -2.77083e-24 -1.95909e-24 1.95946e-24 1)
(0.707161 0.707053 9.91358e-24 -0.707053 0.707161 2.09522e-23 1.48137e-23 -1.48159e-23 1)
(0.707149 0.707064 -2.70377e-23 -0.707064 0.707149 -8.9792e-25 -6.33528e-25 6.33603e-25 1)
(0.707137 0.707076 4.54803e-22 -0.707076 0.707137 7.9779e-25 5.50108e-25 -5.50156e-25 1)
(0.707126 0.707088 2.06275e-22 -0.707088 0.707126 2.10282e-23 1.48664e-23 -1.48672e-23 1)
(0.707115 0.707099 -1.92291e-22 -0.707099 0.707115 -8.29571e-25 -5.88024e-25 5.88037e-25 1)
(0.707103 0.70711 -4.30226e-28 -0.70711 0.707103 -4.41939e-29 -3.12614e-29 3.12611e-29 1)
(0.707092 0.707122 1.99304e-26 -0.707122 0.707092 -7.55767e-25 -5.34419e-25 5.34396e-25 1)
(0.707081 0.707133 -6.22847e-23 -0.707133 0.707081 -2.09812e-23 -1.48405e-23 1.48394e-23 1)
(0.707069 0.707144 5.8689e-24 -0.707144 0.707069 7.65409e-25 5.41738e-25 -5.41681e-25 1)
(0.707058 0.707155 2.20707e-23 -0.707155 0.707058 -1.37071e-25 -9.47098e-26 9.46969e-26 1)
(0.707047 0.707166 -4.65632e-25 -0.707166 0.707047 1.34396e-25 9.4985e-26 -9.4969e-26 1)
(0.707036 0.707177 -4.25307e-23 -0.707177 0.707036 -2.66109e-25 -1.94039e-25 1.94e-25 1)
(0.707025 0.707189 2.10078e-23 -0.707189 0.707025 2.9417e-25 2.11314e-25 -2.11265e-25 1)
(0.707014 0.7072 2.61246e-25 -0.7072 0.707014 8.74044e-25 6.18169e-25 -6.18006e-25 1)
(0.707002 0.707211 6.62938e-24 -0.707211 0.707002 2.12514e-23 1.50305e-23 -1.50261e-23 1)
(0.706991 0.707222 6.6026e-24 -0.707222 0.706991 2.2625e-23 1.60023e-23 -1.59971e-23 1)
(0.70698 0.707234 -4.23069e-23 -0.707234 0.70698 8.3759e-23 5.92275e-23 -5.92062e-23 1)
(0.706969 0.707245 2.02859e-24 -0.707245 0.706969 -3.35295e-24 -2.37085e-24 2.36993e-24 1)
(0.706957 0.707256 3.40748e-24 -0.707256 0.706957 -3.314e-24 -2.34293e-24 2.34194e-24 1)
(0.706946 0.707268 9.74496e-22 -0.707268 0.706946 -1.68547e-22 -1.18929e-22 1.18874e-22 1)
(0.706934 0.70728 9.04812e-22 -0.70728 0.706934 4.56226e-24 3.50386e-24 -3.50215e-24 1)
(0.706922 0.707291 -8.51188e-22 -0.707291 0.706922 -1.92004e-25 -4.13236e-25 4.1302e-25 1)
(0.706911 0.707303 -4.84481e-28 -0.707303 0.706911 -7.62202e-25 -5.39108e-25 5.38809e-25 1)
(0.706899 0.707314 8.08317e-23 -0.707314 0.706899 -4.30374e-23 -3.04116e-23 3.03937e-23 1)
(0.706888 0.707325 -8.86947e-23 -0.707325 0.706888 2.23914e-24 1.54982e-24 -1.54886e-24 1)
(0.706877 0.707336 3.49681e-24 -0.707336 0.706877 2.12203e-23 1.50113e-23 -1.50015e-23 1)
(0.706866 0.707347 -5.77281e-22 -0.707347 0.706866 2.07133e-23 1.44092e-23 -1.43994e-23 1)
(0.706856 0.707358 -2.86634e-24 -0.707358 0.706856 -2.12372e-23 -1.50235e-23 1.50129e-23 1)
(0.706846 0.707368 5.58109e-23 -0.707368 0.706846 2.24429e-25 1.84116e-25 -1.8398e-25 1)
(0.706836 0.707377 7.82159e-22 -0.707377 0.706836 -4.99747e-25 1.48602e-26 -1.48488e-26 1)
(0.706827 0.707386 7.323e-22 -0.707386 0.706827 1.85282e-24 1.66695e-24 -1.66563e-24 1)
(0.706818 0.707396 7.32085e-23 -0.707396 0.706818 1.86677e-23 1.32423e-23 -1.32315e-23 1)
(0.706809 0.707404 -7.21175e-23 -0.707404 0.706809 -2.29323e-24 -1.65955e-24 1.65816e-24 1)
(0.706801 0.707412 -4.23954e-22 -0.707412 0.706801 3.12705e-25 -4.07198e-27 4.06846e-27 1)
(0.706793 0.70742 -3.25732e-22 -0.70742 0.706793 2.26891e-25 -1.67405e-26 1.67256e-26 1)
(0.706787 0.707426 2.32241e-23 -0.707426 0.706787 2.79092e-26 3.26325e-26 -3.26031e-26 1)
(0.706781 0.707433 -2.21609e-23 -0.707433 0.706781 4.41226e-23 3.12012e-23 -3.11725e-23 1)
(0.706777 0.707436 5.24782e-23 -0.707436 0.706777 4.1774e-23 2.95825e-23 -2.95549e-23 1)
(0.706773 0.707441 -7.78097e-26 -0.707441 0.706773 3.96764e-23 2.80687e-23 -2.80422e-23 1)
(0.70677 0.707443 -1.82187e-23 -0.707443 0.70677 2.19736e-24 1.5439e-24 -1.54243e-24 1)
(0.706769 0.707444 4.4838e-23 -0.707444 0.706769 -1.59864e-25 -8.69538e-26 8.68708e-26 1)
(0.70677 0.707444 -2.78747e-23 -0.707444 0.70677 4.28701e-23 3.0312e-23 -3.02831e-23 1)
(0.706772 0.707441 -6.09376e-22 -0.707441 0.706772 4.27112e-23 2.98644e-23 -2.98361e-23 1)
(0.706776 0.707437 2.52597e-23 -0.707437 0.706776 -4.28547e-23 -3.03027e-23 3.02744e-23 1)
(0.706783 0.70743 -2.34209e-23 -0.70743 0.706783 -1.54735e-25 -1.22454e-25 1.22342e-25 1)
(0.706793 0.70742 0 -0.70742 0.706793 0 0 0 1)
(0.706805 0.707408 1.42932e-23 -0.707408 0.706805 -4.53859e-25 -3.13721e-25 3.13453e-25 1)
(0.706822 0.707391 -1.81735e-23 -0.707391 0.706822 8.38139e-23 5.92805e-23 -5.92328e-23 1)
(0.706841 0.707372 -9.26855e-22 -0.707372 0.706841 1.52958e-24 6.67409e-25 -6.66909e-25 1)
(0.706863 0.70735 -3.60345e-24 -0.70735 0.706863 5.79331e-24 4.09644e-24 -4.09362e-24 1)
(0.706892 0.707321 1.97698e-23 -0.707321 0.706892 -1.04291e-24 -7.30636e-25 7.30193e-25 1)
(0.706919 0.707294 -1.26197e-23 -0.707294 0.706919 -1.07994e-24 -7.67625e-25 7.67218e-25 1)
(0.706955 0.707259 -3.34024e-22 -0.707259 0.706955 1.24263e-24 7.97484e-25 -7.97141e-25 1)
(0.706989 0.707225 -2.40012e-24 -0.707225 0.706989 -2.12135e-23 -1.50031e-23 1.49981e-23 1)
(0.707014 0.707199 -1.90357e-24 -0.707199 0.707014 2.00546e-25 1.41551e-25 -1.41514e-25 1)
(0.707025 0.707189 2.84058e-31 -0.707189 0.707025 8.70979e-28 6.15946e-28 -6.15803e-28 1)
(0.707086 0.707127 8.43125e-27 -0.707127 0.707086 -4.79213e-24 -3.38864e-24 3.38844e-24 1)
(0.707128 0.707086 1.16742e-22 -0.707086 0.707128 -1.00739e-20 -7.12308e-21 7.1235e-21 1)
(0.707294 0.70692 -3.96189e-23 -0.70692 0.707294 -4.97536e-22 -3.51706e-22 3.51892e-22 1)
(0.707479 0.706735 7.10621e-23 -0.706735 0.707479 7.35779e-22 5.19948e-22 -5.20496e-22 1)
(0.707621 0.706592 5.17822e-21 -0.706592 0.707621 3.17339e-22 2.18869e-22 -2.19188e-22 1)
(0.7078 0.706413 -6.80049e-21 -0.706413 0.7078 -1.3082e-21 -9.14397e-22 9.16192e-22 1)
(0.707937 0.706276 4.01811e-21 -0.706276 0.707937 -3.91612e-20 -2.76655e-20 2.77306e-20 1)
(0.708077 0.706135 -1.14262e-23 -0.706135 0.708077 6.0754e-22 4.29029e-22 -4.30209e-22 1)
(0.708202 0.70601 -5.59214e-21 -0.70601 0.708202 3.90027e-20 2.75492e-20 -2.76348e-20 1)
(0.708311 0.7059 -1.3587e-20 -0.7059 0.708311 5.87914e-22 4.49795e-22 -4.51331e-22 1)
(0.708409 0.705802 8.68454e-21 -0.705802 0.708409 3.9478e-20 2.78395e-20 -2.79423e-20 1)
(0.708492 0.705719 -5.15803e-22 -0.705719 0.708492 -8.80151e-22 -6.19608e-22 6.22042e-22 1)
(0.708563 0.705647 8.90207e-21 -0.705647 0.708563 -3.94106e-20 -2.78379e-20 2.79529e-20 1)
(0.70862 0.70559 -6.86364e-23 -0.70559 0.70862 -1.57847e-21 -1.11353e-21 1.11831e-21 1)
(0.708663 0.705547 2.15507e-20 -0.705547 0.708663 4.23567e-21 2.9159e-21 -2.92878e-21 1)
(0.708692 0.705518 1.51653e-21 -0.705518 0.708692 -1.78694e-22 -1.3129e-22 1.31881e-22 1)
(0.70871 0.7055 -8.35684e-23 -0.7055 0.70871 -4.18298e-21 -2.9508e-21 2.96423e-21 1)
(0.708716 0.705494 9.23269e-23 -0.705494 0.708716 2.60426e-21 1.83697e-21 -1.84536e-21 1)
(0.70871 0.7055 -4.84921e-21 -0.7055 0.70871 1.76689e-20 1.24824e-20 -1.25392e-20 1)
(0.708696 0.705514 -1.80933e-21 -0.705514 0.708696 1.84865e-21 1.31056e-21 -1.31647e-21 1)
(0.708672 0.705538 -8.44864e-24 -0.705538 0.708672 -5.01604e-22 -3.53872e-22 3.55444e-22 1)
(0.708641 0.705569 5.3536e-21 -0.705569 0.708641 -1.94567e-20 -1.37461e-20 1.3806e-20 1)
(0.708605 0.705605 -5.44863e-21 -0.705605 0.708605 2.20863e-20 1.56023e-20 -1.56686e-20 1)
(0.708561 0.705649 -2.90301e-20 -0.705649 0.708561 -2.51497e-20 -1.76533e-20 1.77262e-20 1)
(0.708512 0.705698 -1.87704e-20 -0.705698 0.708512 2.78371e-21 2.02305e-21 -2.03112e-21 1)
(0.70846 0.705751 2.43414e-21 -0.705751 0.70846 -6.76937e-23 -5.51097e-23 5.53212e-23 1)
(0.708404 0.705808 -2.2382e-20 -0.705808 0.708404 4.3732e-22 3.73476e-22 -3.7485e-22 1)
(0.708345 0.705867 -8.74086e-21 -0.705867 0.708345 2.04274e-20 1.44433e-20 -1.4494e-20 1)
(0.708283 0.705928 1.41256e-21 -0.705928 0.708283 5.63362e-22 3.9396e-22 -3.95274e-22 1)
(0.708221 0.705991 -1.39817e-21 -0.705991 0.708221 -1.14586e-21 -8.05453e-22 8.07997e-22 1)
(0.708158 0.706054 -2.11871e-20 -0.706054 0.708158 1.09072e-21 8.20457e-22 -8.22902e-22 1)
(0.708094 0.706118 2.28272e-20 -0.706118 0.708094 2.64378e-22 1.35538e-22 -1.35917e-22 1)
(0.708031 0.706182 1.42528e-20 -0.706182 0.708031 9.5611e-21 6.72189e-21 -6.73949e-21 1)
(0.707967 0.706245 7.57699e-21 -0.706245 0.707967 9.64545e-21 6.79715e-21 -6.81372e-21 1)
(0.707904 0.706308 5.00215e-23 -0.706308 0.707904 5.76436e-22 4.0705e-22 -4.07969e-22 1)
(0.707842 0.706371 -4.00507e-21 -0.706371 0.707842 9.62239e-21 6.80376e-21 -6.81793e-21 1)
(0.70778 0.706433 4.63298e-21 -0.706433 0.70778 -1.08154e-20 -7.64757e-21 7.66216e-21 1)
(0.70772 0.706493 -1.16449e-20 -0.706493 0.70772 2.93102e-22 2.23716e-22 -2.24104e-22 1)
(0.70766 0.706553 5.37828e-23 -0.706553 0.70766 5.79841e-22 4.09619e-22 -4.1026e-22 1)
(0.707601 0.706612 -2.66073e-23 -0.706612 0.707601 -3.12219e-22 -2.20587e-22 2.20896e-22 1)
(0.707543 0.70667 -3.36404e-22 -0.70667 0.707543 9.88644e-24 7.33674e-24 -7.3458e-24 1)
(0.707487 0.706727 3.77208e-22 -0.706727 0.707487 4.63277e-23 3.23956e-23 -3.24304e-23 1)
(0.707432 0.706782 -3.33142e-22 -0.706782 0.707432 -2.57613e-24 -1.55601e-24 1.55744e-24 1)
(0.707377 0.706837 5.15801e-21 -0.706837 0.707377 -6.26571e-23 -4.77557e-23 4.77922e-23 1)
(0.707323 0.70689 5.15355e-21 -0.70689 0.707323 -7.16127e-23 -5.34743e-23 5.35071e-23 1)
(0.70727 0.706944 -1.0542e-21 -0.706944 0.70727 2.88839e-21 2.04239e-21 -2.04333e-21 1)
(0.707216 0.706998 -6.06043e-22 -0.706998 0.707216 1.11387e-21 7.8769e-22 -7.87934e-22 1)
(0.707163 0.707051 4.44953e-22 -0.707051 0.707163 -1.312e-21 -9.27739e-22 9.27887e-22 1)
(0.70711 0.707104 9.45786e-23 -0.707104 0.70711 3.06674e-23 2.1678e-23 -2.16782e-23 1)
(0.707056 0.707158 -1.86539e-23 -0.707158 0.707056 -6.65732e-24 -4.70866e-24 4.70798e-24 1)
(0.707003 0.70721 7.61353e-22 -0.70721 0.707003 -3.13842e-22 -2.21826e-22 2.21761e-22 1)
(0.706951 0.707263 2.88586e-24 -0.707263 0.706951 4.80718e-23 3.40002e-23 -3.39852e-23 1)
(0.706898 0.707315 1.45714e-22 -0.707315 0.706898 1.50606e-22 1.06585e-22 -1.06522e-22 1)
(0.706846 0.707368 -2.11892e-21 -0.707368 0.706846 -8.50463e-24 -7.12151e-24 7.11626e-24 1)
(0.706793 0.707421 -1.49797e-22 -0.707421 0.706793 -3.00072e-22 -2.12373e-22 2.12185e-22 1)
(0.70674 0.707474 -4.19071e-21 -0.707474 0.70674 1.62842e-22 1.12012e-22 -1.11896e-22 1)
(0.706686 0.707527 7.2928e-24 -0.707527 0.706686 -4.84787e-24 -3.42356e-24 3.41949e-24 1)
(0.706633 0.70758 1.7896e-22 -0.70758 0.706633 -6.63748e-23 -4.67857e-23 4.6723e-23 1)
(0.70658 0.707633 3.77966e-22 -0.707633 0.70658 -8.02455e-23 -5.63591e-23 5.62752e-23 1)
(0.706526 0.707687 -6.65225e-22 -0.707687 0.706526 -8.64003e-22 -6.12273e-22 6.11269e-22 1)
(0.706474 0.707739 4.20168e-24 -0.707739 0.706474 1.34628e-23 9.53387e-24 -9.51682e-24 1)
(0.70642 0.707793 -6.45474e-21 -0.707793 0.70642 1.81612e-22 1.18926e-22 -1.18695e-22 1)
(0.706366 0.707847 -1.6671e-21 -0.707847 0.706366 1.21902e-20 8.6261e-21 -8.60805e-21 1)
(0.706312 0.7079 3.14924e-21 -0.7079 0.706312 1.05984e-20 7.5081e-21 -7.49126e-21 1)
(0.706259 0.707954 2.75424e-21 -0.707954 0.706259 -1.10446e-20 -7.81394e-21 7.79523e-21 1)
(0.706207 0.708006 3.57036e-21 -0.708006 0.706207 1.38982e-22 1.05443e-22 -1.05175e-22 1)
(0.706155 0.708058 9.52636e-21 -0.708058 0.706155 1.29406e-21 9.36184e-22 -9.33667e-22 1)
(0.706104 0.708108 4.47241e-22 -0.708108 0.706104 -1.21247e-21 -8.57577e-22 8.55149e-22 1)
(0.706054 0.708158 -5.15705e-22 -0.708158 0.706054 -1.39377e-22 -9.9895e-23 9.95983e-23 1)
(0.706007 0.708205 8.23269e-21 -0.708205 0.706007 -1.08856e-20 -7.68933e-21 7.66546e-21 1)
(0.705961 0.708251 -6.13816e-21 -0.708251 0.705961 1.81776e-22 1.13241e-22 -1.12875e-22 1)
(0.705917 0.708295 -5.47713e-21 -0.708295 0.705917 1.33375e-21 9.30313e-22 -9.2719e-22 1)
(0.705875 0.708337 -1.48773e-21 -0.708337 0.705875 2.03724e-20 1.44265e-20 -1.43764e-20 1)
(0.705835 0.708376 -2.32928e-21 -0.708376 0.705835 2.12923e-20 1.50764e-20 -1.50223e-20 1)
(0.705796 0.708415 -3.91714e-22 -0.708415 0.705796 2.19182e-21 1.55158e-21 -1.54585e-21 1)
(0.705761 0.70845 3.75566e-22 -0.70845 0.705761 -2.40994e-21 -1.7062e-21 1.69973e-21 1)
(0.705729 0.708481 9.86338e-22 -0.708481 0.705729 -2.12638e-20 -1.5062e-20 1.50035e-20 1)
(0.7057 0.708511 -2.93594e-21 -0.708511 0.7057 -2.10893e-20 -1.49511e-20 1.48918e-20 1)
(0.705676 0.708534 -1.14597e-22 -0.708534 0.705676 2.38803e-21 1.69164e-21 -1.68482e-21 1)
(0.705653 0.708557 1.07342e-22 -0.708557 0.705653 -2.42475e-21 -1.71773e-21 1.71069e-21 1)
(0.705639 0.708571 -6.97937e-23 -0.708571 0.705639 2.08789e-20 1.4794e-20 -1.47328e-20 1)
(0.705628 0.708583 3.78133e-22 -0.708583 0.705628 -1.33106e-22 -9.30818e-23 9.26936e-23 1)
(0.705624 0.708587 1.12849e-21 -0.708587 0.705624 2.31897e-21 1.64689e-21 -1.64e-21 1)
(0.705626 0.708585 1.42993e-22 -0.708585 0.705626 -4.59088e-21 -3.25256e-21 3.23898e-21 1)
(0.705634 0.708576 -1.34697e-22 -0.708576 0.705634 2.06288e-21 1.46127e-21 -1.4552e-21 1)
(0.705653 0.708558 1.70471e-21 -0.708558 0.705653 4.13421e-20 2.92988e-20 -2.91787e-20 1)
(0.705679 0.708531 5.7473e-24 -0.708531 0.705679 -9.49877e-22 -6.73e-22 6.70291e-22 1)
(0.705716 0.708495 -2.6206e-22 -0.708495 0.705716 1.1257e-21 7.96746e-22 -7.93622e-22 1)
(0.705765 0.708446 1.34914e-22 -0.708446 0.705765 4.36021e-24 3.49026e-24 -3.47706e-24 1)
(0.705824 0.708388 7.59817e-23 -0.708388 0.705824 -5.69916e-22 -4.03505e-22 4.02045e-22 1)
(0.705902 0.70831 -4.83225e-21 -0.70831 0.705902 2.19924e-22 1.42825e-22 -1.42339e-22 1)
(0.705988 0.708224 2.31882e-21 -0.708224 0.705988 4.11118e-20 2.91222e-20 -2.90302e-20 1)
(0.706086 0.708126 4.61047e-21 -0.708126 0.706086 2.31874e-22 1.7471e-22 -1.74206e-22 1)
(0.706202 0.708011 -4.34317e-21 -0.708011 0.706202 -8.32826e-22 -5.98505e-22 5.96976e-22 1)
(0.706323 0.70789 5.65951e-23 -0.70789 0.706323 5.14333e-22 3.64192e-22 -3.63385e-22 1)
(0.706456 0.707757 7.53166e-22 -0.707757 0.706456 2.00977e-20 1.42255e-20 -1.41993e-20 1)
(0.706601 0.707612 -1.39608e-21 -0.707612 0.706601 2.39376e-22 1.67757e-22 -1.67517e-22 1)
(0.706685 0.707528 -6.50565e-26 -0.707528 0.706685 1.39555e-22 9.87389e-23 -9.86212e-23 1)
(0.706781 0.707432 -6.01558e-27 -0.707432 0.706781 2.25551e-25 1.59558e-25 -1.59411e-25 1)
(0.70694 0.707274 1.48024e-27 -0.707274 0.70694 7.80294e-24 5.51881e-24 -5.51621e-24 1)
(0.70704 0.707173 1.68785e-22 -0.707173 0.70704 1.13667e-20 8.03827e-21 -8.03676e-21 1)
(0.707332 0.706881 2.40857e-21 -0.706881 0.707332 -8.03395e-22 -5.6895e-22 5.69313e-22 1)
(0.707656 0.706557 3.79775e-21 -0.706557 0.707656 1.07473e-21 7.55082e-22 -7.56256e-22 1)
(0.707917 0.706296 5.43102e-21 -0.706296 0.707917 1.11368e-19 7.86501e-20 -7.88306e-20 1)
(0.708224 0.705988 7.14792e-21 -0.705988 0.708224 -1.11415e-19 -7.86739e-20 7.89231e-20 1)
(0.708476 0.705735 2.30295e-20 -0.705735 0.708476 4.52409e-20 3.18646e-20 -3.19884e-20 1)
(0.70873 0.70548 -2.10618e-20 -0.70548 0.70873 -1.02042e-21 -6.51181e-22 6.5418e-22 1)
(0.708959 0.705249 1.66574e-20 -0.705249 0.708959 -4.47458e-20 -3.1619e-20 3.17853e-20 1)
(0.709165 0.705043 -1.53278e-20 -0.705043 0.709165 -1.07908e-19 -7.60165e-20 7.64609e-20 1)
(0.709351 0.704855 6.56486e-21 -0.704855 0.709351 6.79548e-20 4.78688e-20 -4.81741e-20 1)
(0.709514 0.704691 -2.49734e-23 -0.704691 0.709514 -3.06408e-21 -2.15911e-21 2.17389e-21 1)
(0.709657 0.704548 1.32747e-20 -0.704548 0.709657 4.41049e-20 3.10062e-20 -3.12311e-20 1)
(0.709774 0.704429 2.30063e-21 -0.704429 0.709774 6.59165e-22 4.52047e-22 -4.55478e-22 1)
(0.709867 0.704335 -2.55857e-20 -0.704335 0.709867 1.02789e-19 7.25396e-20 -7.31093e-20 1)
(0.709936 0.704266 6.24535e-23 -0.704266 0.709936 5.01018e-21 3.52815e-21 -3.55655e-21 1)
(0.709984 0.704218 2.10493e-21 -0.704218 0.709984 -7.02689e-23 -6.15909e-23 6.20952e-23 1)
(0.710009 0.704193 -5.87506e-20 -0.704193 0.710009 -7.67754e-22 -1.99913e-22 2.01564e-22 1)
(0.710013 0.704189 4.80351e-20 -0.704189 0.710013 -1.54049e-20 -1.11268e-20 1.12189e-20 1)
(0.710001 0.704201 6.63679e-20 -0.704201 0.710001 -5.38956e-21 -4.1789e-21 4.21331e-21 1)
(0.70997 0.704232 6.24966e-20 -0.704232 0.70997 9.58097e-22 3.17497e-22 -3.20084e-22 1)
(0.709926 0.704276 2.03059e-20 -0.704276 0.709926 1.54204e-20 1.0746e-20 -1.08322e-20 1)
(0.70987 0.704333 -8.5288e-20 -0.704333 0.70987 -1.81609e-20 -1.23212e-20 1.24181e-20 1)
(0.7098 0.704403 4.4841e-20 -0.704403 0.7098 -8.71882e-20 -6.16565e-20 6.21289e-20 1)
(0.709721 0.704483 1.33728e-20 -0.704483 0.709721 -5.24424e-20 -3.70145e-20 3.72897e-20 1)
(0.709633 0.704571 2.67779e-21 -0.704571 0.709633 5.99393e-21 4.20966e-21 -4.23991e-21 1)
(0.709538 0.704667 5.78288e-20 -0.704667 0.709538 -6.09928e-20 -4.32598e-20 4.35588e-20 1)
(0.709437 0.704768 -1.143e-20 -0.704768 0.709437 -2.05078e-20 -1.44002e-20 1.44956e-20 1)
(0.709332 0.704874 -3.28939e-21 -0.704874 0.709332 3.59842e-21 2.55102e-21 -2.56715e-21 1)
(0.709224 0.704983 7.0763e-22 -0.704983 0.709224 -4.44766e-21 -3.13851e-21 3.15739e-21 1)
(0.709114 0.705094 6.06495e-20 -0.705094 0.709114 -5.28503e-20 -3.75068e-20 3.77207e-20 1)
(0.709002 0.705207 -6.45813e-20 -0.705207 0.709002 5.95171e-20 4.22155e-20 -4.24427e-20 1)
(0.708889 0.70532 -2.33727e-20 -0.70532 0.708889 3.64054e-20 2.57604e-20 -2.58907e-20 1)
(0.708777 0.705433 -1.51376e-20 -0.705433 0.708777 1.86232e-20 1.31878e-20 -1.32503e-20 1)
(0.708665 0.705546 -1.78374e-21 -0.705546 0.708665 -7.05205e-22 -4.92025e-22 4.942e-22 1)
(0.708554 0.705657 -2.87599e-20 -0.705657 0.708554 -9.28024e-21 -6.46588e-21 6.49242e-21 1)
(0.708443 0.705768 -1.43118e-20 -0.705768 0.708443 1.06032e-20 7.52146e-21 -7.54996e-21 1)
(0.708334 0.705877 -1.08549e-20 -0.705877 0.708334 -2.94718e-20 -2.0777e-20 2.08493e-20 1)
(0.708226 0.705986 -1.78529e-21 -0.705986 0.708226 6.99247e-22 4.97631e-22 -4.9921e-22 1)
(0.708121 0.706091 -2.06216e-20 -0.706091 0.708121 -7.65524e-23 -1.24866e-23 1.25225e-23 1)
(0.708016 0.706197 -1.37537e-21 -0.706197 0.708016 -7.48267e-22 -5.25939e-22 5.27294e-22 1)
(0.707912 0.7063 7.43071e-22 -0.7063 0.707912 1.57718e-21 1.11278e-21 -1.11532e-21 1)
(0.707812 0.706401 -1.0497e-20 -0.706401 0.707812 -5.37874e-22 -3.65258e-22 3.65988e-22 1)
(0.707711 0.706502 -4.48193e-21 -0.706502 0.707711 1.41809e-20 1.00242e-20 -1.00414e-20 1)
(0.707612 0.706601 7.26181e-22 -0.706601 0.707612 1.34824e-20 9.52597e-21 -9.5396e-21 1)
(0.707513 0.7067 -1.50003e-21 -0.7067 0.707513 -3.1506e-21 -2.22532e-21 2.22788e-21 1)
(0.707414 0.706799 -1.2095e-21 -0.706799 0.707414 -1.29418e-21 -9.13988e-22 9.14783e-22 1)
(0.707316 0.706898 9.21151e-22 -0.706898 0.707316 1.24881e-21 8.82399e-22 -8.82921e-22 1)
(0.707217 0.706996 1.17401e-23 -0.706996 0.707217 2.14354e-22 1.51545e-22 -1.51593e-22 1)
(0.707118 0.707096 3.3426e-23 -0.707096 0.707118 -1.23421e-23 -8.72761e-24 8.72789e-24 1)
(0.70702 0.707193 -3.57449e-22 -0.707193 0.70702 2.09376e-21 1.48063e-21 -1.48027e-21 1)
(0.706923 0.707291 -2.2199e-21 -0.707291 0.706923 -3.37328e-23 -2.46837e-23 2.46709e-23 1)
(0.706825 0.707388 -6.48215e-23 -0.707388 0.706825 2.70956e-22 1.91634e-22 -1.91482e-22 1)
(0.706727 0.707487 1.80686e-21 -0.707487 0.706727 -6.98713e-21 -4.94193e-21 4.93662e-21 1)
(0.706628 0.707585 -1.0876e-22 -0.707585 0.706628 -5.2092e-22 -3.687e-22 3.68201e-22 1)
(0.706529 0.707684 3.50909e-21 -0.707684 0.706529 -1.47348e-20 -1.04235e-20 1.04065e-20 1)
(0.706429 0.707784 -4.56976e-22 -0.707784 0.706429 2.60421e-22 1.83703e-22 -1.83351e-22 1)
(0.706329 0.707884 9.6223e-22 -0.707884 0.706329 8.15294e-22 5.78628e-22 -5.77357e-22 1)
(0.70623 0.707983 -7.23302e-21 -0.707983 0.70623 1.56876e-21 1.09798e-21 -1.09526e-21 1)
(0.706129 0.708084 1.30768e-20 -0.708084 0.706129 -1.64239e-21 -1.1374e-21 1.13426e-21 1)
(0.706029 0.708183 3.87578e-22 -0.708183 0.706029 -3.59074e-22 -2.53456e-22 2.52686e-22 1)
(0.705928 0.708283 4.35651e-21 -0.708283 0.705928 -2.95845e-20 -2.09439e-20 2.08743e-20 1)
(0.705828 0.708384 -2.84487e-21 -0.708384 0.705828 -9.09948e-21 -6.45319e-21 6.4299e-21 1)
(0.705729 0.708482 -8.25615e-21 -0.708482 0.705729 1.69448e-20 1.19824e-20 -1.19358e-20 1)
(0.705629 0.708582 -7.10288e-21 -0.708582 0.705629 1.44627e-20 1.02271e-20 -1.01844e-20 1)
(0.705532 0.708678 -4.15731e-21 -0.708678 0.705532 2.18276e-20 1.54557e-20 -1.5387e-20 1)
(0.705436 0.708774 -7.69828e-21 -0.708774 0.705436 5.84732e-20 4.14186e-20 -4.12236e-20 1)
(0.705342 0.708867 1.34856e-21 -0.708867 0.705342 2.59128e-21 1.84162e-21 -1.83246e-21 1)
(0.705251 0.708958 1.36935e-20 -0.708958 0.705251 -2.73211e-21 -1.88626e-21 1.8764e-21 1)
(0.705163 0.709045 -3.33179e-21 -0.709045 0.705163 6.61845e-20 4.69149e-20 -4.6658e-20 1)
(0.705078 0.70913 5.06485e-21 -0.70913 0.705078 -5.61403e-20 -3.97903e-20 3.95629e-20 1)
(0.704997 0.70921 4.32528e-21 -0.70921 0.704997 -5.50466e-20 -3.90214e-20 3.87896e-20 1)
(0.70492 0.709287 -3.05499e-21 -0.709287 0.70492 -1.57553e-20 -1.11883e-20 1.11194e-20 1)
(0.704847 0.709359 -3.02493e-21 -0.709359 0.704847 -2.83743e-20 -2.01412e-20 2.00131e-20 1)
(0.704777 0.709429 -3.20909e-22 -0.709429 0.704777 -6.13818e-21 -4.3561e-21 4.32753e-21 1)
(0.704714 0.709492 3.31406e-22 -0.709492 0.704714 6.32104e-21 4.48631e-21 -4.45609e-21 1)
(0.704656 0.709549 1.732e-21 -0.709549 0.704656 2.20027e-20 1.56205e-20 -1.55128e-20 1)
(0.704603 0.709601 4.37203e-21 -0.709601 0.704603 -8.81233e-20 -6.25105e-20 6.20703e-20 1)
(0.704559 0.709646 -5.13281e-22 -0.709646 0.704559 -6.14649e-21 -4.36444e-21 4.33315e-21 1)
(0.704519 0.709686 1.342e-22 -0.709686 0.704519 6.21997e-21 4.41492e-21 -4.38277e-21 1)
(0.704491 0.709713 -1.51901e-21 -0.709713 0.704491 -2.21629e-20 -1.57372e-20 1.56214e-20 1)
(0.704471 0.709733 -9.96808e-22 -0.709733 0.704471 -1.16465e-19 -8.26646e-20 8.20517e-20 1)
(0.704462 0.709741 -3.74651e-21 -0.709741 0.704462 -1.04036e-19 -7.38582e-20 7.33089e-20 1)
(0.704465 0.709739 -2.3014e-22 -0.709739 0.704465 -6.38794e-21 -4.53498e-21 4.50128e-21 1)
(0.704479 0.709725 -2.9568e-23 -0.709725 0.704479 6.32212e-21 4.48681e-21 -4.45365e-21 1)
(0.704511 0.709693 1.64886e-21 -0.709693 0.704511 -4.77012e-20 -3.38446e-20 3.35975e-20 1)
(0.704557 0.709647 -7.10853e-21 -0.709647 0.704557 -1.04114e-22 -1.10096e-22 1.09306e-22 1)
(0.704621 0.709584 -1.51108e-22 -0.709584 0.704621 6.30973e-21 4.47653e-21 -4.44522e-21 1)
(0.704706 0.709499 -7.86951e-24 -0.709499 0.704706 -3.1172e-21 -2.21169e-21 2.19675e-21 1)
(0.704808 0.709398 9.31874e-21 -0.709398 0.704808 -1.91184e-21 -1.31344e-21 1.30494e-21 1)
(0.704941 0.709265 5.16303e-21 -0.709265 0.704941 1.12986e-19 8.01596e-20 -7.96709e-20 1)
(0.705089 0.709118 2.99089e-21 -0.709118 0.705089 -4.49641e-20 -3.18728e-20 3.16917e-20 1)
(0.705259 0.70895 -4.94129e-21 -0.70895 0.705259 -1.11709e-19 -7.92141e-20 7.88016e-20 1)
(0.705452 0.708758 4.58934e-21 -0.708758 0.705452 1.1176e-19 7.92259e-20 -7.88563e-20 1)
(0.705659 0.708552 8.13073e-21 -0.708552 0.705659 -1.37292e-21 -9.49296e-22 9.4542e-22 1)
(0.705876 0.708335 -2.47236e-21 -0.708335 0.705876 -2.04146e-20 -1.44665e-20 1.44163e-20 1)
(0.706116 0.708096 1.57666e-21 -0.708096 0.706116 5.54644e-20 3.92772e-20 -3.91674e-20 1)
(0.706267 0.707945 -1.02761e-21 -0.707945 0.706267 7.22698e-23 4.94041e-23 -4.9287e-23 1)
(0.706472 0.707741 2.50206e-24 -0.707741 0.706472 3.86897e-25 2.76862e-25 -2.76366e-25 1)
(0.706861 0.707352 -8.26719e-27 -0.707352 0.706861 1.9628e-24 1.38839e-24 -1.38742e-24 1)
(0.70705 0.707164 -1.74231e-22 -0.707164 0.70705 1.24489e-22 8.80244e-23 -8.80102e-23 1)
(0.707468 0.706746 -2.46204e-21 -0.706746 0.707468 1.45252e-19 1.02658e-19 -1.02763e-19 1)
(0.707936 0.706276 -4.03383e-21 -0.706276 0.707936 1.49244e-19 1.05414e-19 -1.05662e-19 1)
(0.708324 0.705887 -7.09104e-21 -0.705887 0.708324 1.68336e-19 1.18843e-19 -1.19253e-19 1)
(0.708759 0.70545 2.33251e-20 -0.70545 0.708759 1.27787e-19 9.00698e-20 -9.04923e-20 1)
(0.709134 0.705074 -5.99494e-20 -0.705074 0.709134 2.89098e-19 2.04078e-19 -2.05254e-19 1)
(0.709503 0.704702 2.21674e-20 -0.704702 0.709503 -2.90743e-19 -2.04994e-19 2.0639e-19 1)
(0.709839 0.704364 -1.79649e-20 -0.704364 0.709839 2.89683e-19 2.0414e-19 -2.05727e-19 1)
(0.710142 0.704058 4.78285e-20 -0.704058 0.710142 -1.70613e-19 -1.20411e-19 1.21452e-19 1)
(0.710418 0.70378 -4.43493e-20 -0.70378 0.710418 1.70649e-19 1.20392e-19 -1.21528e-19 1)
(0.71066 0.703536 7.17838e-22 -0.703536 0.71066 -9.68981e-22 -6.86799e-22 6.93753e-22 1)
(0.710871 0.703322 -1.16495e-20 -0.703322 0.710871 -3.57014e-23 6.23136e-23 -6.29824e-23 1)
(0.711048 0.703144 -9.1094e-20 -0.703144 0.711048 5.88598e-21 4.85405e-21 -4.90861e-21 1)
(0.711187 0.703003 -2.9395e-20 -0.703003 0.711187 -1.30335e-19 -9.13868e-20 9.24507e-20 1)
(0.711292 0.702897 1.30229e-21 -0.702897 0.711292 1.5503e-21 1.07884e-21 -1.09173e-21 1)
(0.711363 0.702825 -6.84985e-21 -0.702825 0.711363 -3.56362e-21 -2.44656e-21 2.47628e-21 1)
(0.711402 0.702786 6.07413e-20 -0.702786 0.711402 -2.7985e-19 -1.97194e-19 1.99611e-19 1)
(0.711409 0.702778 -5.31141e-20 -0.702778 0.711409 2.74259e-19 1.93198e-19 -1.95571e-19 1)
(0.711392 0.702796 5.26823e-21 -0.702796 0.711392 2.99763e-19 2.10628e-19 -2.13204e-19 1)
(0.711347 0.702841 -6.52553e-20 -0.702841 0.711347 2.61533e-19 1.84367e-19 -1.86598e-19 1)
(0.711282 0.702906 -7.71295e-21 -0.702906 0.711282 2.41794e-20 1.706e-20 -1.72632e-20 1)
(0.711198 0.702992 1.51468e-19 -0.702992 0.711198 -2.7853e-19 -1.97037e-19 1.99337e-19 1)
(0.711095 0.703095 3.29617e-20 -0.703095 0.711095 1.08665e-19 7.61402e-20 -7.70065e-20 1)
(0.710977 0.703215 3.05092e-20 -0.703215 0.710977 4.9676e-20 3.46981e-20 -3.50811e-20 1)
(0.710847 0.703347 -8.07811e-21 -0.703347 0.710847 1.08698e-20 7.70535e-21 -7.78751e-21 1)
(0.710705 0.70349 -7.74792e-21 -0.70349 0.710705 1.99176e-19 1.40174e-19 -1.41612e-19 1)
(0.710555 0.703641 2.10627e-20 -0.703641 0.710555 4.14045e-21 2.76892e-21 -2.79613e-21 1)
(0.710399 0.703799 -1.82243e-21 -0.703799 0.710399 -8.35497e-21 -5.86829e-21 5.92332e-21 1)
(0.710238 0.703961 -8.57755e-20 -0.703961 0.710238 3.60379e-21 3.07115e-21 -3.09853e-21 1)
(0.710074 0.704127 -5.63239e-20 -0.704127 0.710074 1.93733e-19 1.36745e-19 -1.379e-19 1)
(0.709908 0.704294 -3.40963e-20 -0.704294 0.709908 -2.12235e-19 -1.49286e-19 1.50476e-19 1)
(0.709741 0.704463 -1.60335e-20 -0.704463 0.709741 -4.70783e-20 -3.30809e-20 3.33288e-20 1)
(0.709574 0.704631 -9.40605e-21 -0.704631 0.709574 -2.43229e-20 -1.70925e-20 1.72124e-20 1)
(0.709408 0.704798 -1.02943e-22 -0.704798 0.709408 -4.86151e-21 -3.42592e-21 3.44832e-21 1)
(0.709244 0.704964 -1.75831e-20 -0.704964 0.709244 -7.10546e-20 -5.00162e-20 5.03199e-20 1)
(0.70908 0.705128 1.30566e-20 -0.705128 0.70908 -6.86915e-20 -4.84875e-20 4.87593e-20 1)
(0.708919 0.70529 3.54521e-20 -0.70529 0.708919 -3.45807e-20 -2.45172e-20 2.46433e-20 1)
(0.708759 0.70545 -1.14029e-22 -0.70545 0.708759 -4.79554e-21 -3.38264e-21 3.39851e-21 1)
(0.708604 0.705606 3.97168e-20 -0.705606 0.708604 -6.7387e-20 -4.7667e-20 4.78695e-20 1)
(0.708449 0.705762 1.6217e-21 -0.705762 0.708449 -2.59026e-21 -1.83243e-21 1.83941e-21 1)
(0.708297 0.705915 2.02962e-20 -0.705915 0.708297 1.48272e-21 9.98671e-22 -1.00204e-21 1)
(0.708148 0.706064 9.85338e-21 -0.706064 0.708148 -3.51355e-20 -2.48283e-20 2.49016e-20 1)
(0.707999 0.706214 -6.94671e-21 -0.706214 0.707999 -1.40198e-20 -9.88869e-21 9.91368e-21 1)
(0.707853 0.70636 -1.20488e-20 -0.70636 0.707853 3.02422e-21 2.15403e-21 -2.15858e-21 1)
(0.707706 0.706507 -7.73632e-21 -0.706507 0.707706 9.64781e-22 6.90827e-22 -6.92e-22 1)
(0.707561 0.706652 -4.46994e-21 -0.706652 0.707561 -1.52981e-21 -1.07702e-21 1.0784e-21 1)
(0.707416 0.706797 4.45254e-21 -0.706797 0.707416 5.39235e-22 3.78405e-22 -3.78736e-22 1)
(0.707271 0.706942 -1.155e-22 -0.706942 0.707271 -7.84325e-24 -5.50732e-24 5.50989e-24 1)
(0.707126 0.707087 -1.17017e-22 -0.707087 0.707126 8.60554e-23 6.08527e-23 -6.0856e-23 1)
(0.706982 0.707231 1.16209e-21 -0.707231 0.706982 -2.11051e-21 -1.49232e-21 1.4918e-21 1)
(0.706839 0.707374 2.08796e-21 -0.707374 0.706839 -8.64187e-21 -6.11191e-21 6.10729e-21 1)
(0.706696 0.707517 4.06776e-21 -0.707517 0.706696 2.79332e-22 2.00978e-22 -2.00745e-22 1)
(0.706552 0.707661 2.78622e-21 -0.707661 0.706552 7.31298e-21 5.1782e-21 -5.17009e-21 1)
(0.706408 0.707805 1.31402e-22 -0.707805 0.706408 -8.71134e-22 -6.16409e-22 6.15193e-22 1)
(0.706263 0.70795 -2.14053e-21 -0.70795 0.706263 1.56488e-20 1.10749e-20 -1.10486e-20 1)
(0.706117 0.708095 -1.43775e-20 -0.708095 0.706117 -2.18835e-21 -1.57797e-21 1.57357e-21 1)
(0.705971 0.708241 -1.48285e-20 -0.708241 0.705971 3.60994e-21 2.52308e-21 -2.51499e-21 1)
(0.705826 0.708386 5.45129e-21 -0.708386 0.705826 -3.58626e-20 -2.53906e-20 2.52989e-20 1)
(0.705678 0.708533 -1.02006e-20 -0.708533 0.705678 6.77476e-20 4.79723e-20 -4.7779e-20 1)
(0.705533 0.708677 1.16389e-20 -0.708677 0.705533 1.464e-21 1.07408e-21 -1.06932e-21 1)
(0.705386 0.708823 8.39748e-21 -0.708823 0.705386 2.52117e-20 1.78995e-20 -1.78127e-20 1)
(0.70524 0.708968 3.18896e-21 -0.708968 0.70524 7.30912e-21 5.19382e-21 -5.16651e-21 1)
(0.705096 0.709111 -2.62088e-20 -0.709111 0.705096 -2.9789e-20 -2.12289e-20 2.11087e-20 1)
(0.704953 0.709254 5.91861e-21 -0.709254 0.704953 -7.30209e-20 -5.1765e-20 5.1451e-20 1)
(0.704812 0.709394 -4.90962e-21 -0.709394 0.704812 -2.89939e-20 -2.05906e-20 2.04576e-20 1)
(0.704673 0.709532 -1.14783e-20 -0.709532 0.704673 -5.78201e-20 -4.1081e-20 4.07997e-20 1)
(0.704539 0.709665 -1.72815e-20 -0.709665 0.704539 9.59742e-21 6.72234e-21 -6.67378e-21 1)
(0.704407 0.709796 -1.18497e-20 -0.709796 0.704407 1.29534e-19 9.18787e-20 -9.11812e-20 1)
(0.704281 0.709921 -1.1329e-20 -0.709921 0.704281 -5.86065e-20 -4.16699e-20 4.13388e-20 1)
(0.704159 0.710042 -1.55099e-20 -0.710042 0.704159 5.90975e-20 4.18704e-20 -4.15235e-20 1)
(0.704043 0.710158 6.31203e-21 -0.710158 0.704043 5.77853e-20 4.10753e-20 -4.07216e-20 1)
(0.703933 0.710267 4.60368e-21 -0.710267 0.703933 -3.75772e-22 -2.37712e-22 2.35592e-22 1)
(0.703829 0.710369 2.13665e-21 -0.710369 0.703829 -1.92938e-23 2.83354e-25 -2.80745e-25 1)
(0.703729 0.710468 5.01856e-22 -0.710468 0.703729 -4.57852e-24 1.33015e-25 -1.31753e-25 1)
(0.703641 0.710556 -4.9722e-22 -0.710556 0.703641 4.64972e-24 -1.38126e-25 1.36782e-25 1)
(0.703559 0.710637 -1.03974e-20 -0.710637 0.703559 3.46245e-22 1.72352e-22 -1.70636e-22 1)
(0.703487 0.710708 4.75341e-21 -0.710708 0.703487 1.33007e-19 9.45636e-20 -9.36028e-20 1)
(0.703424 0.71077 4.48718e-21 -0.71077 0.703424 -1.62438e-20 -1.15126e-20 1.13936e-20 1)
(0.703371 0.710823 9.70261e-23 -0.710823 0.703371 -5.00548e-23 -3.4856e-23 3.44905e-23 1)
(0.703333 0.710861 -1.14307e-21 -0.710861 0.703333 -2.77914e-19 -1.97567e-19 1.95474e-19 1)
(0.703308 0.710886 -4.04925e-24 -0.710886 0.703308 1.17622e-19 8.3616e-20 -8.27247e-20 1)
(0.703298 0.710895 4.06147e-21 -0.710895 0.703298 3.80679e-19 2.70654e-19 -2.67762e-19 1)
(0.703306 0.710888 -1.05378e-22 -0.710888 0.703306 8.12224e-21 5.7732e-21 -5.71163e-21 1)
(0.703332 0.710862 2.39234e-22 -0.710862 0.703332 8.06482e-21 5.73478e-21 -5.67403e-21 1)
(0.703381 0.710813 -2.11564e-21 -0.710813 0.703381 7.83684e-21 5.55478e-21 -5.4967e-21 1)
(0.703452 0.710743 9.26927e-21 -0.710743 0.703452 2.65461e-19 1.88742e-19 -1.86806e-19 1)
(0.703549 0.710647 1.72093e-20 -0.710647 0.703549 8.40028e-21 6.09199e-21 -6.03114e-21 1)
(0.703674 0.710523 -1.60564e-22 -0.710523 0.703674 5.4449e-22 3.85772e-22 -3.82053e-22 1)
(0.703826 0.710372 -1.11883e-20 -0.710372 0.703826 -2.824e-19 -2.00682e-19 1.98833e-19 1)
(0.704017 0.710183 5.56763e-21 -0.710183 0.704017 -1.24153e-19 -8.81371e-20 8.73719e-20 1)
(0.704232 0.70997 1.64227e-20 -0.70997 0.704232 -6.41774e-22 -3.61277e-22 3.58357e-22 1)
(0.704478 0.709726 -5.36294e-21 -0.709726 0.704478 1.25103e-19 8.87606e-20 -8.81043e-20 1)
(0.704751 0.709455 5.10636e-21 -0.709455 0.704751 -1.24752e-19 -8.84816e-20 8.78949e-20 1)
(0.705053 0.709155 -1.75484e-20 -0.709155 0.705053 -2.91099e-19 -2.06506e-19 2.05312e-19 1)
(0.705357 0.708852 2.98781e-21 -0.708852 0.705357 1.4769e-19 1.04701e-19 -1.04185e-19 1)
(0.705699 0.708512 -4.26986e-21 -0.708512 0.705699 -6.50015e-20 -4.60663e-20 4.58833e-20 1)
(0.705929 0.708282 1.19975e-21 -0.708282 0.705929 7.38199e-20 5.22882e-20 -5.21145e-20 1)
(0.706261 0.707952 -2.87624e-24 -0.707952 0.706261 -2.3366e-22 -1.65424e-22 1.65029e-22 1)
(0.706828 0.707385 -1.03115e-26 -0.707385 0.706828 -6.12922e-25 -4.33578e-25 4.33237e-25 1)
(0.707129 0.707085 -1.06706e-21 -0.707085 0.707129 -1.49957e-21 -1.06022e-21 1.06029e-21 1)
(0.707688 0.706525 -2.98176e-21 -0.706525 0.707688 -1.62101e-19 -1.14525e-19 1.14714e-19 1)
(0.708314 0.705897 -4.73667e-21 -0.705897 0.708314 -1.63046e-19 -1.15082e-19 1.15476e-19 1)
(0.708844 0.705365 -1.86043e-20 -0.705365 0.708844 4.38662e-20 3.10062e-20 -3.11591e-20 1)
(0.709417 0.704789 -5.55062e-20 -0.704789 0.709417 3.62505e-19 2.55746e-19 -2.57425e-19 1)
(0.709934 0.704268 1.86399e-20 -0.704268 0.709934 -1.05649e-18 -7.44158e-19 7.50144e-19 1)
(0.710431 0.703767 7.12315e-20 -0.703767 0.710431 3.26663e-19 2.29422e-19 -2.31594e-19 1)
(0.710886 0.703307 -3.10018e-20 -0.703307 0.710886 -3.24957e-19 -2.28311e-19 2.30771e-19 1)
(0.711298 0.702891 1.78908e-20 -0.702891 0.711298 3.22731e-19 2.26695e-19 -2.29406e-19 1)
(0.711672 0.702512 -1.92385e-20 -0.702512 0.711672 -3.24178e-19 -2.27564e-19 2.30531e-19 1)
(0.712001 0.702178 -2.45567e-21 -0.702178 0.712001 2.10908e-21 1.50491e-21 -1.52597e-21 1)
(0.712289 0.701886 8.62722e-20 -0.701886 0.712289 6.15701e-21 3.43033e-21 -3.48117e-21 1)
(0.712528 0.701644 9.41471e-20 -0.701644 0.712528 -7.33976e-19 -5.16007e-19 5.24011e-19 1)
(0.712717 0.701451 3.29855e-20 -0.701451 0.712717 6.54344e-21 4.22119e-21 -4.28899e-21 1)
(0.71286 0.701307 -3.50038e-21 -0.701307 0.71286 2.06183e-20 1.44999e-20 -1.47387e-20 1)
(0.712954 0.701211 3.44701e-21 -0.701211 0.712954 -3.85613e-20 -2.70797e-20 2.75333e-20 1)
(0.713006 0.701158 -5.33502e-20 -0.701158 0.713006 3.32128e-19 2.33501e-19 -2.37447e-19 1)
(0.713014 0.70115 6.89436e-20 -0.70115 0.713014 -3.17307e-19 -2.23291e-19 2.27069e-19 1)
(0.712988 0.701177 -2.98559e-19 -0.701177 0.712988 3.80035e-20 3.01441e-20 -3.06519e-20 1)
(0.712924 0.701241 -9.1526e-20 -0.701241 0.712924 -3.13525e-19 -2.18796e-19 2.22441e-19 1)
(0.712833 0.701334 -7.58006e-21 -0.701334 0.712833 1.43835e-20 1.01741e-20 -1.03409e-20 1)
(0.712713 0.701456 2.12856e-20 -0.701456 0.712713 6.63243e-19 4.64998e-19 -4.72461e-19 1)
(0.712569 0.701602 -3.74426e-20 -0.701602 0.712569 -3.10319e-20 -2.13645e-20 2.16985e-20 1)
(0.712404 0.70177 -1.66409e-20 -0.70177 0.712404 2.06177e-20 1.46445e-20 -1.48664e-20 1)
(0.712222 0.701954 -3.12289e-21 -0.701954 0.712222 -2.37013e-20 -1.66054e-20 1.68483e-20 1)
(0.712025 0.702154 -1.66466e-19 -0.702154 0.712025 -1.5433e-19 -1.06732e-19 1.08233e-19 1)
(0.711817 0.702365 -8.14966e-20 -0.702365 0.711817 3.2777e-20 2.37864e-20 -2.41065e-20 1)
(0.7116 0.702585 -8.65824e-20 -0.702585 0.7116 -7.80765e-21 -4.71015e-21 4.77059e-21 1)
(0.711377 0.70281 8.24332e-20 -0.70281 0.711377 -3.62842e-19 -2.55711e-19 2.58828e-19 1)
(0.71115 0.70304 -4.24902e-20 -0.70304 0.71115 -3.29528e-19 -2.31329e-19 2.33997e-19 1)
(0.71092 0.703273 1.29239e-19 -0.703273 0.71092 -1.34858e-20 -1.04669e-20 1.05807e-20 1)
(0.710689 0.703506 1.09053e-19 -0.703506 0.710689 1.12674e-20 7.14761e-21 -7.22059e-21 1)
(0.710459 0.703738 1.48275e-20 -0.703738 0.710459 -6.09587e-23 -1.42042e-22 1.43398e-22 1)
(0.71023 0.70397 1.75122e-21 -0.70397 0.71023 -1.5421e-21 -1.0965e-21 1.10625e-21 1)
(0.710003 0.704199 2.63812e-20 -0.704199 0.710003 -9.49191e-20 -6.69943e-20 6.75465e-20 1)
(0.709778 0.704426 2.87712e-20 -0.704426 0.709778 7.84624e-20 5.51176e-20 -5.55364e-20 1)
(0.709556 0.704649 1.33512e-20 -0.704649 0.709556 7.35134e-20 5.17359e-20 -5.20962e-20 1)
